%YAML:1.0
# General sensor definitions.
camera_id: left_cam


# Sensor extrinsics wrt. the body-frame.
T_BS:
  cols: 4
  rows: 4
  data: [0.9999926057008208, -0.0003961835376313997, -0.003825125133524248, 0.032294202007786134,
         0.000376018666906938, 0.9999860376456344, -0.005270969905619618, -0.004487007733531891,
         0.0038271599972755977, 0.005269492612037711, 0.9999787924221027, -0.016215044875608292,
         0.0, 0.0, 0.0, 1.0]

# Camera specific definitions.
rate_hz: 30
resolution: [848, 480]
camera_model: pinhole
intrinsics: [433.00861304371324, 434.2663760247498, 426.82597714261607, 247.87809485704253] #fu, fv, cu, cv
distortion_model: radtan
distortion_coefficients: [0.0024036244335724558, -0.0012821879204232098, 0.002461594521056042, -0.00028370404069748826]
