%YAML:1.0
# General sensor definitions.
camera_id: right_cam

# Sensor extrinsics wrt. the body-frame.
T_BS:
  cols: 4
  rows: 4
  data: [0.9999971623445228, -0.0015323228718881123, -0.0018240859406120813, -0.06261963203688542,
         0.0015235219186938763, 0.9999872399859012, -0.004816507691603475, -0.004539996858474447,
         0.0018314431101482303, 0.004813714989101938, 0.9999867368941142, -0.01616683578135991,
         0.0, 0.0, 0.0, 1.0]

# Camera specific definitions.
rate_hz: 30
resolution: [848, 480]
camera_model: pinhole
intrinsics: [432.62216164340606, 434.0457536228297, 426.2850620247365, 247.68325081000964] #fu, fv, cu, cv
distortion_model: radtan
distortion_coefficients: [0.005624551535156043, -0.004044543105194757, 0.00249060413819669, -0.0009401539287224536]
